0.693877551	0.523809524	0.001337889	0	0	1	0	1	0	0	1
0.163265306	0.19047619	0.19775645	0	1	0	1	0	0	0	0
0.285714286	0.952380952	0.470713311	0	1	0	1	0	0	0	1
0.408163265	0.761904762	0.061417669	1	0	0	0	1	0	0	1
0.836734694	1	0.033872167	0	0	1	0	1	0	0	1
0.469387755	0.142857143	0.001603054	1	0	0	1	0	0	0	1
0.040816327	0.333333333	0.006696179	0	0	1	0	0	1	0	0
0.326530612	0.571428571	0.241796069	0	1	0	0	0	0	1	0
0.265306122	0.571428571	0.52835369	1	0	0	0	1	0	0	0
1	0.19047619	0.011646249	0	0	1	0	0	0	1	0
0.469387755	0.095238095	0.257046433	0	1	0	0	0	0	1	1
0.387755102	1	0.754505014	0	0	1	1	0	0	0	1
0.469387755	1	0.166324942	0	1	0	0	0	0	1	0
0.224489796	0.333333333	0.166941194	0	1	0	0	0	1	0	1
0.489795918	0.476190476	0.000209142	0	0	1	0	1	0	0	1
0.040816327	0.333333333	0.004644794	0	0	1	1	0	0	0	0
0.224489796	0.523809524	0.516952698	1	0	0	1	0	0	0	1
0.469387755	0.904761905	0.014755187	0	1	0	0	0	1	0	1
0.693877551	0.476190476	0.011685991	0	1	0	0	0	0	1	0
0.040816327	0.380952381	0.019953253	0	1	0	0	0	1	0	0
0.632653061	0.666666667	0.162422803	0	1	0	0	0	0	1	1
0.040816327	0.523809524	0.201238306	0	1	0	0	1	0	0	0
0.979591837	0.523809524	0.008113477	0	0	1	0	0	1	0	1
0.836734694	0.142857143	0.006563411	1	0	0	0	1	0	0	1
0.081632653	0.904761905	0.28842658	0	1	0	0	0	1	0	0
0.591836735	0.714285714	0.002847325	0	0	1	0	0	1	0	1
0	0.428571429	0.114119227	0	1	0	1	0	0	0	1
0.959183673	0.523809524	4.41079E-05	1	0	0	1	0	0	0	0
0.020408163	0.80952381	0.100587811	0	1	0	1	0	0	0	1
0.265306122	0.80952381	0.443132655	0	1	0	0	0	1	0	1
0.87755102	0.523809524	0.004237018	0	0	1	0	0	1	0	1
0.387755102	0.857142857	0.195958907	0	0	1	1	0	0	0	0
0.387755102	0.619047619	0.157499449	1	0	0	0	1	0	0	1
0.469387755	0.952380952	0.081084665	0	0	1	0	0	0	1	1
0.102040816	0.571428571	0.116635743	0	1	0	0	0	0	1	0
0.469387755	0.285714286	0.00469534	0	0	1	1	0	0	0	0
0.081632653	0.333333333	0.234142616	0	1	0	0	0	0	1	1
0.020408163	0.380952381	0.006171769	0	0	1	0	0	1	0	1
0.714285714	0.428571429	0.001947924	1	0	0	0	1	0	0	0
0.571428571	0.761904762	0.080370355	0	1	0	1	0	0	0	1
0	1	0.073100848	1	0	0	0	1	0	0	1
0.591836735	0.714285714	0.041377681	0	1	0	0	1	0	0	0
0.530612245	0.476190476	0.250080871	0	1	0	0	0	0	1	1
0.306122449	1	0.681502891	1	0	0	1	0	0	0	0
0.102040816	0	0.038240029	0	1	0	0	1	0	0	0
0.265306122	0.047619048	0.16809118	0	0	1	1	0	0	0	0
0.93877551	0.666666667	0.192593389	0	1	0	0	0	1	0	1
0.510204082	0.857142857	0.079077832	0	0	1	0	0	1	0	1
0.918367347	0.380952381	0.006565484	0	0	1	0	0	1	0	0
0.653061224	0	0.002018526	1	0	0	0	0	1	0	0
0.040816327	0.761904762	0.308595266	0	1	0	0	0	0	1	0
0.306122449	0.523809524	0.326856436	1	0	0	0	1	0	0	1
0.285714286	0.238095238	0.894525246	0	1	0	0	0	0	1	1
0.204081633	0.952380952	0.553758703	1	0	0	0	1	0	0	0
0.612244898	0.142857143	0.02358586	1	0	0	0	0	0	1	1
0.081632653	0.142857143	0.006055801	0	0	1	1	0	0	0	1
0.387755102	0.904761905	0.267655038	1	0	0	0	0	1	0	1
0.326530612	1	0.538967993	0	0	1	0	1	0	0	1
0.551020408	0.047619048	0.141005702	0	1	0	0	1	0	0	0
0.285714286	0.380952381	0.675419929	1	0	0	0	1	0	0	1
0.142857143	0.761904762	0.063579694	1	0	0	0	0	1	0	0
0.571428571	0.714285714	0.000991761	1	0	0	0	0	1	0	0
0.469387755	0.428571429	0.000609961	1	0	0	0	1	0	0	0
0.040816327	0.380952381	0.003427831	0	0	1	0	0	0	1	1
0.551020408	0.285714286	0.020709081	1	0	0	0	0	0	1	1
0.93877551	0.333333333	0.005047019	0	0	1	0	0	1	0	0
0.979591837	0.095238095	0.011492686	0	0	1	0	0	0	1	0
0.428571429	0.047619048	0.078180874	0	1	0	1	0	0	0	0
0.897959184	0.714285714	0.00037129	1	0	0	0	0	0	1	0
0.265306122	0.523809524	0.502919222	0	1	0	1	0	0	0	0
0.530612245	0.380952381	0.047428819	0	1	0	1	0	0	0	0
0.469387755	0.619047619	0.001865629	1	0	0	0	0	1	0	1
0.428571429	0.333333333	0.129113677	0	1	0	0	0	1	0	0
0	0.952380952	0.240682272	0	1	0	0	0	1	0	0
0.816326531	0.095238095	0.000556455	1	0	0	0	0	0	1	1
0.571428571	0.19047619	0.024738881	0	1	0	0	0	0	1	0
0.244897959	0.047619048	0.699920658	1	0	0	0	1	0	0	0
0.918367347	0.952380952	0.022016775	0	1	0	1	0	0	0	1
0.346938776	0.142857143	0.731604972	0	1	0	0	0	0	1	1
0.836734694	0.80952381	0.006065274	1	0	0	1	0	0	0	0
0.346938776	0.142857143	0.06131628	0	0	1	0	0	0	1	0
0.551020408	0.714285714	0.009966673	0	0	1	0	0	0	1	0
0.612244898	0.952380952	0.070504997	0	0	1	1	0	0	0	0
0.102040816	1	0.258956022	0	1	0	0	0	0	1	1
0.163265306	0.761904762	0.020816909	1	0	0	0	1	0	0	0
0.612244898	0.761904762	0.036306906	1	0	0	0	0	1	0	1
0.795918367	0.714285714	0.022956731	0	1	0	0	1	0	0	1
0.469387755	0.19047619	0.004685275	0	0	1	0	0	1	0	1
0.959183673	0.80952381	0.015920271	1	0	0	0	0	1	0	1
0.346938776	0.428571429	0.466794076	0	0	1	0	0	1	0	0
0.081632653	0.857142857	0.033392457	1	0	0	1	0	0	0	0
0.734693878	0.428571429	0.191572173	0	1	0	0	0	0	1	0
0.979591837	0.952380952	0.064389325	1	0	0	0	0	1	0	0
0.755102041	0.619047619	0.000376471	1	0	0	1	0	0	0	1
0.204081633	0.238095238	0.969833263	0	1	0	0	0	0	1	0
0.632653061	0.19047619	0.01114456	0	0	1	0	0	0	1	1
0.265306122	0.619047619	1	0	1	0	1	0	0	0	1
0.06122449	0.142857143	0.001507438	1	0	0	1	0	0	0	0
0.285714286	0.80952381	0.520817168	0	0	1	0	1	0	0	1
0.714285714	0.857142857	0.056006243	0	1	0	0	0	1	0	0
0.428571429	0.238095238	0.266352672	0	1	0	0	0	1	0	0
0.102040816	0.857142857	0.183243782	0	1	0	0	1	0	0	0
0.510204082	0.714285714	0.002625009	0	0	1	1	0	0	0	0
0.857142857	0.476190476	0.007104177	1	0	0	0	1	0	0	0
0.673469388	0.80952381	0.034158498	0	0	1	1	0	0	0	1
0.204081633	0.095238095	0.082963986	1	0	0	0	0	0	1	0
0.265306122	0.476190476	0.578987803	1	0	0	1	0	0	0	1
0.244897959	0.285714286	0.450614783	1	0	0	0	0	1	0	0
0.265306122	0.19047619	0.120017394	1	0	0	0	0	1	0	1
0.775510204	0.952380952	0.187747075	0	1	0	0	1	0	0	1
0.326530612	0.80952381	0.286085534	1	0	0	1	0	0	0	0
0.081632653	0.380952381	0.103979009	0	1	0	0	0	1	0	0
0.897959184	0.333333333	0.286212159	0	1	0	0	0	0	1	0
0.918367347	0.619047619	0.007386067	1	0	0	1	0	0	0	0
0.775510204	0.857142857	0.065356589	1	0	0	1	0	0	0	0
0.265306122	0.19047619	0.570004972	0	1	0	0	1	0	0	1
0.612244898	1	0.023844587	0	0	1	0	0	1	0	0
0.469387755	0.047619048	0.0019423	1	0	0	1	0	0	0	0
0.163265306	0.095238095	0.147931227	0	1	0	1	0	0	0	1
0	0.761904762	0.309492669	0	1	0	1	0	0	0	1
0.632653061	0.333333333	0.001218886	0	0	1	0	0	1	0	0
0.673469388	0.476190476	0.023280288	1	0	0	0	0	0	1	1
0.653061224	0.285714286	0.013358685	1	0	0	0	0	0	1	0
0.081632653	0.80952381	0.050953377	1	0	0	1	0	0	0	1
0.795918367	0.095238095	0.001124528	0	0	1	0	0	1	0	1
0.795918367	0.666666667	0.076920692	0	1	0	0	0	0	1	0
0.795918367	0.19047619	0.021111602	0	1	0	0	1	0	0	0
0.06122449	0.857142857	0.178489236	0	1	0	0	0	1	0	1
0.571428571	0	0.032565583	0	1	0	0	0	1	0	0
0.897959184	1	0.203810104	0	1	0	1	0	0	0	0
0.12244898	0.523809524	0.238061777	0	1	0	0	0	0	1	1
0.755102041	0.761904762	0.096575699	0	0	1	0	0	1	0	1
0.142857143	0.285714286	0.012786245	1	0	0	0	0	0	1	0
0.632653061	0.619047619	0.005946938	1	0	0	0	1	0	0	1
0.306122449	0.095238095	0.712845517	1	0	0	0	1	0	0	1
0.816326531	0.80952381	0.366544105	0	1	0	0	1	0	0	1
0.795918367	0.761904762	0.226408571	0	1	0	0	0	0	1	0
0.285714286	0.761904762	0.09686425	0	0	1	0	0	1	0	1
0.653061224	0.80952381	0.020494314	0	0	1	0	0	0	1	1
0.204081633	0	0.627004974	1	0	0	0	1	0	0	1
0.285714286	0.80952381	0.496210018	0	0	1	0	1	0	0	0
0.755102041	0.666666667	0.263844001	0	1	0	1	0	0	0	0
0.816326531	0.285714286	0.007525347	1	0	0	0	1	0	0	0
0.959183673	0.142857143	0.004899376	0	0	1	1	0	0	0	0
0.653061224	0.666666667	0.115373563	0	1	0	0	1	0	0	0
0.163265306	0.19047619	0.006441967	0	0	1	0	0	0	1	0
0.979591837	0.19047619	0.213105909	0	1	0	0	0	0	1	1
0.142857143	0.285714286	0.165739773	0	1	0	0	0	0	1	0
0.102040816	0.571428571	0.008751931	1	0	0	0	0	0	1	1
0.408163265	0.666666667	0.253001092	0	1	0	0	0	1	0	0
0.551020408	0.952380952	0.095286802	0	0	1	0	0	0	1	0
0.653061224	0.904761905	0.067796509	1	0	0	1	0	0	0	1
0.040816327	0.857142857	0.077283249	1	0	0	0	0	1	0	0
0.571428571	0.619047619	0.005600735	1	0	0	0	0	1	0	1
0.510204082	0.095238095	0.160984857	0	1	0	1	0	0	0	1
0.591836735	0.047619048	0.005957446	0	0	1	0	1	0	0	1
0.448979592	0.238095238	0.158772434	0	1	0	0	0	0	1	1
0.081632653	0.571428571	0.072331403	0	1	0	1	0	0	0	1
0.530612245	0.476190476	0.006852333	1	0	0	0	1	0	0	0
0.530612245	0.571428571	0.264713873	0	1	0	0	0	1	0	1
0.081632653	0.571428571	0.06032822	0	1	0	1	0	0	0	0
0.285714286	0.952380952	0.335680374	1	0	0	1	0	0	0	0
0.959183673	0.428571429	0.098251649	0	1	0	1	0	0	0	1
0.183673469	0.19047619	0.017340899	0	0	1	0	0	0	1	0
0.510204082	0.523809524	0.007544737	1	0	0	1	0	0	0	1
0.448979592	0.666666667	0.031888276	0	1	0	0	1	0	0	0
0.93877551	0.80952381	0.06068767	1	0	0	0	0	1	0	1
0.918367347	0.904761905	0.025094186	0	0	1	0	1	0	0	1
0.346938776	1	0.616015902	0	1	0	0	0	0	1	0
0.734693878	0.285714286	0.263100976	0	1	0	0	0	0	1	1
0.387755102	0.619047619	0.173342679	0	1	0	0	0	1	0	0
0.326530612	1	0.45163992	0	0	1	0	0	0	1	0
0.816326531	0.19047619	0.003636234	1	0	0	0	1	0	0	0
0.265306122	0.476190476	0.204591021	0	1	0	0	0	1	0	0
0.775510204	0.380952381	0.007359795	1	0	0	1	0	0	0	1
0.857142857	0.714285714	0.005096825	1	0	0	0	0	1	0	0
0.224489796	0.904761905	0.546220035	1	0	0	1	0	0	0	1
0.653061224	0.095238095	3.30069E-05	1	0	0	1	0	0	0	1
0.408163265	0.047619048	0.005006833	0	0	1	0	1	0	0	1
0.979591837	1	0.066000298	1	0	0	0	0	1	0	1
1	0.095238095	0.008282582	0	0	1	0	1	0	0	1
0.510204082	0.80952381	0.073695342	1	0	0	0	0	0	1	1
0.367346939	0.142857143	0.285980519	0	0	1	0	0	0	1	1
0.428571429	0.904761905	0.309440864	0	1	0	0	1	0	0	1
0.183673469	0.857142857	0.020625306	1	0	0	1	0	0	0	0
0.755102041	0.047619048	0.184735604	0	1	0	0	1	0	0	0
0.816326531	0.095238095	0.05057402	0	1	0	0	0	0	1	1
0.081632653	0	0.006438784	0	0	1	0	0	0	1	0
0.06122449	0.619047619	0.000450847	1	0	0	1	0	0	0	0
0.632653061	0.476190476	0.001878654	0	0	1	0	0	0	1	1
0.224489796	0.476190476	0.737006481	0	0	1	0	0	0	1	1
0.571428571	0.952380952	0.086890991	1	0	0	0	0	1	0	0
0.87755102	0.142857143	0.195762419	0	1	0	0	1	0	0	0
0.081632653	0.238095238	0.00052219	1	0	0	0	0	1	0	1
0.367346939	1	0.530551904	0	1	0	1	0	0	0	1
0.081632653	0.285714286	0.00144653	1	0	0	0	1	0	0	1
0.632653061	0.333333333	0.003921455	0	0	1	0	0	0	1	0
0.816326531	0.047619048	0.136446682	0	1	0	0	1	0	0	1
0.489795918	0.80952381	0.113611247	1	0	0	0	0	0	1	1
0.448979592	0.666666667	0.163979899	0	1	0	0	0	0	1	0
0.204081633	0.952380952	0.273938187	0	1	0	0	1	0	0	0
0.551020408	0.761904762	0.023866863	1	0	0	1	0	0	0	0
0.142857143	0.80952381	0.03701685	0	0	1	0	0	0	1	1
0.755102041	0.285714286	0.005543898	0	0	1	0	0	1	0	1
0.489795918	0.428571429	0.00533964	0	0	1	0	1	0	0	0
0.448979592	0.80952381	0.039137505	1	0	0	0	0	1	0	1
0.93877551	0.142857143	0.008552705	0	0	1	0	0	0	1	0
0.306122449	0.333333333	0.985316821	0	1	0	1	0	0	0	1
0.510204082	0.380952381	0.000266349	1	0	0	0	1	0	0	0
0.816326531	0.19047619	0.004703481	1	0	0	0	1	0	0	0
0.775510204	0.857142857	0.080219974	0	1	0	0	0	1	0	1
0.959183673	0.047619048	0.00357577	0	0	1	1	0	0	0	0
0.12244898	0.523809524	0.053565731	0	1	0	0	1	0	0	0
0.734693878	1	0.274752036	0	1	0	0	1	0	0	1
0.591836735	0.714285714	0.237340066	0	1	0	0	0	0	1	0
0.693877551	0.952380952	0.057361227	0	0	1	1	0	0	0	1
0.224489796	0	0.038913931	0	1	0	0	0	0	1	1
0.591836735	0.619047619	0.000764413	1	0	0	0	0	1	0	0
0.448979592	0.761904762	0.087021168	1	0	0	0	0	0	1	1
0.306122449	0.333333333	0.694850993	1	0	0	0	1	0	0	1
0.755102041	0	0.005259417	0	0	1	0	0	1	0	1
0.244897959	0.619047619	0.093726302	0	0	1	0	0	1	0	1
0.775510204	0.952380952	0.020585342	1	0	0	1	0	0	0	1
0.408163265	0.714285714	0.176892917	0	1	0	0	0	1	0	1
0	0.857142857	0.071075883	0	0	1	1	0	0	0	0
0.448979592	0.142857143	0.003723265	0	0	1	1	0	0	0	1
0.857142857	0.095238095	0.006926931	0	0	1	0	1	0	0	1
0.224489796	0.857142857	0.38095827	1	0	0	0	1	0	0	1
0.081632653	0.904761905	0.241237172	0	1	0	1	0	0	0	1
0.836734694	0.047619048	0.004423366	0	0	1	1	0	0	0	0
0.918367347	0.904761905	0.037544072	1	0	0	0	0	1	0	0
0.673469388	0.285714286	0.007091225	0	0	1	0	0	1	0	1
0.306122449	0.952380952	0.622047059	0	0	1	0	0	0	1	0
0.571428571	0.523809524	0.009330809	1	0	0	0	0	0	1	0
0.632653061	0.761904762	0.019012927	0	0	1	0	0	0	1	0
0.040816327	0.333333333	0.165258953	0	1	0	0	1	0	0	0
0.816326531	0.761904762	0.028606755	0	0	1	1	0	0	0	0
0.367346939	0.047619048	0.115245976	0	0	1	0	0	1	0	0
0.530612245	0.095238095	0.003161112	1	0	0	0	0	1	0	0
0	0.952380952	0.087603451	1	0	0	1	0	0	0	0
0.265306122	0	0.327574224	0	0	1	1	0	0	0	0
0.469387755	0.047619048	0.258667323	0	1	0	0	0	0	1	1
0.959183673	0.523809524	0.007299702	1	0	0	0	0	1	0	0
0.653061224	0.428571429	0.000860843	1	0	0	0	1	0	0	1
0.714285714	0.047619048	0.008274071	0	0	1	1	0	0	0	1
0.959183673	0.428571429	0.121714807	0	1	0	0	0	0	1	1
0.244897959	0.523809524	0.612379002	0	1	0	0	0	1	0	1
0.367346939	0.904761905	0.777892981	0	1	0	0	0	1	0	0
0.224489796	0.571428571	0.529147187	0	0	1	0	0	0	1	1
0.448979592	0.285714286	0.007162864	1	0	0	1	0	0	0	1
0.673469388	0.047619048	0.000307793	1	0	0	0	1	0	0	1
1	0.333333333	0.003099095	0	0	1	0	0	1	0	1
0.306122449	1	0.66183286	0	0	1	0	1	0	0	1
0.836734694	0.142857143	0.035181637	0	1	0	0	1	0	0	0
0.93877551	0.238095238	0.002460197	1	0	0	0	1	0	0	1
0.081632653	0.428571429	0.205465629	0	1	0	0	1	0	0	1
0.387755102	0.80952381	0.526258419	1	0	0	0	0	0	1	0
0.897959184	0.666666667	0.005989787	1	0	0	1	0	0	0	0
0.408163265	0.523809524	0.006165923	0	0	1	0	0	1	0	0
0.163265306	0.904761905	0.052825075	1	0	0	0	0	0	1	0
0.571428571	0.333333333	0.00365962	0	0	1	1	0	0	0	0
0.755102041	0.523809524	0	0	0	1	1	0	0	0	0
0.632653061	0.19047619	0.020278882	0	1	0	0	0	0	1	0
0.979591837	0.952380952	0.007362459	0	0	1	0	0	1	0	1
0.224489796	0.285714286	0.755804938	0	1	0	0	1	0	0	1
0.653061224	0.19047619	0.022073168	0	1	0	1	0	0	0	0
0.306122449	0.761904762	0.544001395	0	0	1	0	0	0	1	0
0.510204082	0.619047619	0.021559711	1	0	0	0	0	0	1	0
0.87755102	0.857142857	0.330850564	0	1	0	0	0	0	1	0
0.285714286	0.428571429	0.262454826	0	0	1	1	0	0	0	1
0.020408163	0.476190476	0.002319067	1	0	0	0	1	0	0	0
0.12244898	0.380952381	0.003755532	1	0	0	0	0	1	0	0
0.959183673	0.714285714	0.140122805	0	1	0	1	0	0	0	0
0	0.80952381	0.005807953	1	0	0	0	1	0	0	0
0.775510204	0.095238095	0.124448236	0	1	0	0	1	0	0	1
0.06122449	0.571428571	0.001357057	1	0	0	0	0	1	0	1
0.87755102	0.714285714	0.007155981	0	0	1	0	0	1	0	0
0.326530612	0.19047619	0.441448934	0	0	1	0	1	0	0	1
0.387755102	0.80952381	0.413962563	0	0	1	0	0	0	1	1
0.102040816	0.952380952	0.052560206	1	0	0	1	0	0	0	1
0.816326531	0.333333333	0.001087451	0	0	1	0	0	0	1	0
0.693877551	0.047619048	0.010294225	0	1	0	0	0	1	0	1
0.816326531	0	0.011874411	0	0	1	0	0	0	1	1
0.224489796	0.666666667	0.881221844	0	1	0	0	0	0	1	0
1	1	0.241933499	0	1	0	1	0	0	0	1
0.530612245	0.619047619	0.045106718	0	1	0	0	1	0	0	1
1	0.619047619	0.003705504	1	0	0	1	0	0	0	0
0.714285714	0.238095238	0.001052372	0	0	1	0	0	0	1	1
0.469387755	0.761904762	0.155939911	0	1	0	0	0	0	1	0
0.673469388	1	0.085303848	0	0	1	0	0	1	0	1
0.306122449	0.952380952	0.187218299	0	0	1	0	1	0	0	1
0.653061224	0.523809524	0.001132817	0	0	1	1	0	0	0	1
0.653061224	0.238095238	0.000356637	1	0	0	0	1	0	0	1
0.163265306	0.952380952	0.020984903	1	0	0	0	0	1	0	1
0.367346939	0.142857143	0.7669996	0	1	0	0	0	1	0	0
0.081632653	0.619047619	0.031620076	0	1	0	0	0	1	0	1
0.040816327	0.761904762	0.363920797	0	1	0	0	0	1	0	1
0.836734694	0.142857143	0.003676197	0	0	1	0	1	0	0	1
0.06122449	0	0.00508491	0	0	1	1	0	0	0	0
0.285714286	0.047619048	0.246260953	1	0	0	0	1	0	0	0
1	0.80952381	0.09111417	0	1	0	0	0	1	0	0
0.857142857	0.428571429	0.001822853	1	0	0	0	1	0	0	1
0.795918367	0.523809524	0.221184084	0	1	0	0	1	0	0	1
0.551020408	0.714285714	0.185046357	0	1	0	0	0	0	1	0
0.346938776	0.285714286	0.412841439	0	1	0	0	0	1	0	0
0.551020408	0.857142857	0.082150729	0	0	1	0	1	0	0	0
0.693877551	0.619047619	0.200468195	0	1	0	0	0	0	1	1
0.918367347	0.285714286	0.005446506	1	0	0	0	1	0	0	0
0.510204082	0.238095238	0.004495301	0	0	1	0	0	1	0	0
0.408163265	0.476190476	0.045018873	0	1	0	1	0	0	0	1
0.551020408	0.238095238	0.241813756	0	1	0	0	0	1	0	0
0.571428571	0.476190476	0.006652811	0	0	1	0	0	1	0	1
0.918367347	0.142857143	0.00466707	1	0	0	0	0	1	0	1
0.12244898	0.619047619	0.076545257	0	1	0	0	0	1	0	1
0.020408163	0.80952381	0.172792515	0	1	0	0	0	1	0	1
0.612244898	1	0.041803662	0	0	1	1	0	0	0	0
0.183673469	0.714285714	0.019780596	0	1	0	0	0	0	1	0
1	0.952380952	0.067929128	0	0	1	0	0	0	1	0
0.551020408	0.142857143	0.216667988	0	1	0	0	1	0	0	0
0.673469388	0.619047619	0.004550213	0	0	1	0	1	0	0	1
0.87755102	0.142857143	0.060566595	0	1	0	0	0	1	0	0
0.918367347	0.476190476	0.007172411	0	0	1	1	0	0	0	1
0.897959184	0.238095238	0.004052076	1	0	0	0	0	1	0	1
0.693877551	0.619047619	0.139494712	0	1	0	0	0	1	0	0
0.448979592	0.619047619	0.003407184	1	0	0	0	1	0	0	1
0.183673469	0.761904762	0.028014999	1	0	0	1	0	0	0	1
0.755102041	0.714285714	0.074263119	0	1	0	1	0	0	0	0
0.367346939	0.666666667	0.801156247	0	1	0	0	1	0	0	0
1	0.476190476	0.005859018	1	0	0	0	1	0	0	1
0.653061224	0.142857143	0.049739005	0	1	0	0	0	0	1	0
0.06122449	0.19047619	0.153500509	0	1	0	0	0	1	0	1
0.693877551	0.285714286	0.254882928	0	1	0	0	0	1	0	0
0.530612245	0.666666667	0.216921682	0	1	0	0	0	0	1	1
0.224489796	0.761904762	0.288115679	0	0	1	0	0	1	0	0
0.836734694	0.476190476	0.184904635	0	1	0	0	0	1	0	1
1	0.428571429	0.210645046	0	1	0	0	0	0	1	1
0.448979592	0.095238095	0.060565707	0	1	0	0	0	0	1	1
0.285714286	0.476190476	0.316548223	1	0	0	0	1	0	0	1
0.510204082	0.285714286	0.00627486	1	0	0	1	0	0	0	1
0.836734694	0.666666667	0.076957917	0	1	0	0	0	1	0	1
0.959183673	0.619047619	0.023789082	1	0	0	0	0	0	1	1
0.428571429	0.666666667	0.005038138	1	0	0	1	0	0	0	1
0.673469388	0.285714286	0.009646225	1	0	0	0	0	0	1	0
0.612244898	0.666666667	0.203696875	0	1	0	0	0	0	1	1
0.469387755	0.952380952	0.039832426	0	1	0	0	0	0	1	0
0.020408163	0.952380952	0.071541902	1	0	0	0	0	0	1	1
0.020408163	0.80952381	0.021363964	1	0	0	0	0	1	0	1
0.408163265	0.80952381	0.28640798	0	1	0	0	0	0	1	0
0.183673469	0.238095238	0.000976219	1	0	0	0	0	1	0	0
0.571428571	0.952380952	0.012243186	1	0	0	0	0	0	1	1
0.244897959	0.523809524	0.317278519	0	0	1	0	0	1	0	0
0.897959184	0.857142857	0.055793992	1	0	0	0	0	0	1	0
0.224489796	0.476190476	0.612687461	0	0	1	0	0	0	1	1
0.857142857	0.428571429	0.007476281	1	0	0	0	0	0	1	0
0.12244898	0.714285714	0.003059205	1	0	0	1	0	0	0	0
0.816326531	0.428571429	0.00184957	0	0	1	1	0	0	0	0
0.408163265	0.047619048	0.219311499	0	1	0	1	0	0	0	1
0.693877551	0.571428571	0.067910923	0	1	0	0	0	0	1	0
0.142857143	0.80952381	0.073572713	0	0	1	0	0	0	1	0
1	0.714285714	0.007123566	1	0	0	0	0	1	0	0
0.204081633	0.380952381	0.088397614	1	0	0	1	0	0	0	0
0.244897959	0.428571429	0.097677211	0	0	1	0	1	0	0	0
0.244897959	0.238095238	0.36380853	0	1	0	1	0	0	0	1
0.306122449	0.952380952	0.683286225	1	0	0	0	0	0	1	0
0.612244898	0.428571429	0.006252362	0	0	1	0	0	1	0	1
0.489795918	0.80952381	0.039630314	0	0	1	0	0	1	0	1
0.510204082	0.095238095	0.008039322	0	0	1	0	0	0	1	1
0.326530612	0.476190476	0.91606542	0	1	0	1	0	0	0	0
0.93877551	1	0.024409182	1	0	0	1	0	0	0	0
0.591836735	0.761904762	0.026258382	1	0	0	1	0	0	0	1
0.12244898	0.047619048	0.001517503	0	0	1	1	0	0	0	1
0.551020408	0.428571429	0.189516792	0	1	0	1	0	0	0	1
0.673469388	0.095238095	0.006584651	1	0	0	0	1	0	0	1
0.448979592	0.857142857	0.031969461	0	0	1	0	1	0	0	0
0.714285714	0.238095238	0.002104966	0	0	1	0	1	0	0	0
0.489795918	0.095238095	0.218827422	0	1	0	0	0	1	0	0
0.224489796	0.904761905	0.099033453	1	0	0	1	0	0	0	1
0.530612245	0.142857143	0.003938772	0	0	1	1	0	0	0	1
0.816326531	0.19047619	0.256634365	0	1	0	0	0	1	0	0
0.918367347	0.095238095	0.001232208	0	0	1	1	0	0	0	1
0.816326531	0.285714286	0.267698924	0	1	0	0	1	0	0	1
0.571428571	0.142857143	0.003722821	0	0	1	1	0	0	0	0
0.408163265	0.523809524	0.004224067	1	0	0	0	1	0	0	1
0.979591837	0.047619048	0.000869428	0	0	1	0	1	0	0	0
0.836734694	0.095238095	0.000560821	1	0	0	0	1	0	0	0
0.06122449	0.571428571	0.003403409	1	0	0	0	0	0	1	0
0.530612245	0.333333333	0.003736364	0	0	1	1	0	0	0	1
0.346938776	0.476190476	0.174920423	1	0	0	0	0	1	0	0
0.979591837	0.238095238	0.018762711	0	1	0	0	0	1	0	0
0.530612245	0.523809524	0.195498216	0	1	0	1	0	0	0	1
0.306122449	0.19047619	0.699109917	1	0	0	0	0	1	0	1
0.102040816	0.142857143	0.001154575	1	0	0	0	0	1	0	1
0.408163265	0.333333333	0.021899623	1	0	0	0	0	0	1	1
0.714285714	1	0.076127194	0	0	1	0	0	0	1	1
0.244897959	0.80952381	0.463706526	1	0	0	0	0	1	0	1
0.367346939	0.428571429	0.220808723	1	0	0	1	0	0	0	0
0.755102041	0.285714286	0.05350401	0	1	0	0	0	1	0	0
0.714285714	0.714285714	0.002794706	1	0	0	0	0	1	0	0
0.306122449	0.666666667	0.116339199	1	0	0	0	0	0	1	0
0.734693878	0.857142857	0.003787577	0	0	1	0	1	0	0	1
0.081632653	0.380952381	0.019308139	0	0	1	0	0	0	1	1
0.265306122	0.047619048	0.201158453	0	1	0	1	0	0	0	1
0.265306122	0.476190476	0.535551115	0	1	0	1	0	0	0	1
0.244897959	0.952380952	0.291763458	0	1	0	0	1	0	0	0
0	0.476190476	0.00302272	1	0	0	0	0	1	0	0
0.714285714	0.523809524	0.092703828	0	1	0	0	0	0	1	0
0.387755102	0.523809524	0.03747643	0	0	1	1	0	0	0	1
0.081632653	0.80952381	0.006499544	0	0	1	0	0	1	0	0
0.346938776	0.80952381	0.276975634	0	0	1	0	0	0	1	1
0.714285714	0.238095238	0.014990232	0	0	1	0	0	0	1	1
0.306122449	0.80952381	0.357627658	0	0	1	0	0	1	0	1
0.489795918	0.095238095	0.017047463	1	0	0	0	0	0	1	1
0.183673469	0.380952381	0.004804426	1	0	0	1	0	0	0	0
0.408163265	0.619047619	0.02323322	1	0	0	0	0	0	1	0
0.795918367	0.952380952	0.037647089	1	0	0	0	1	0	0	1
0.489795918	0.904761905	0.366171482	0	1	0	1	0	0	0	0
0.326530612	0	0.495497558	0	1	0	1	0	0	0	1
0.693877551	0.952380952	0.05897368	0	0	1	0	1	0	0	1
0.673469388	0.80952381	0.022904113	0	0	1	0	1	0	0	0
0.551020408	0	0.251101568	0	1	0	0	1	0	0	1
0.326530612	0.904761905	0.173961817	0	0	1	0	0	0	1	1
0.775510204	1	0.01421938	0	0	1	0	0	0	1	1
0.102040816	0.095238095	0.17967519	0	1	0	0	0	0	1	0
0.163265306	0.047619048	0.008097417	0	0	1	0	1	0	0	1
0.653061224	0.428571429	0.004671214	0	0	1	0	1	0	0	1
0.204081633	0.666666667	0.429305953	0	1	0	0	1	0	0	0
0.020408163	0.523809524	0.010302514	1	0	0	0	0	0	1	0
0.775510204	0.904761905	0.068827715	0	0	1	1	0	0	0	1
0.632653061	0.952380952	0.08548398	1	0	0	0	0	1	0	0
0.244897959	0.761904762	0.422646112	0	0	1	0	1	0	0	0
0.510204082	0.19047619	0.0084209	1	0	0	0	1	0	0	1
1	0.238095238	0.10492718	0	1	0	0	0	1	0	0
0.448979592	0.904761905	0.023687767	0	0	1	1	0	0	0	1
0.795918367	1	0.035130795	0	0	1	0	0	1	0	1
0.12244898	0.047619048	0.169724207	0	1	0	1	0	0	0	1
0.612244898	0.714285714	0.004355058	0	0	1	0	0	1	0	0
0.93877551	0.285714286	0.023210944	0	0	1	0	0	0	1	0
0.653061224	0.619047619	0.001787034	0	0	1	1	0	0	0	0
0.897959184	0	0.003963416	1	0	0	0	0	1	0	0
0.204081633	0.571428571	0.751142012	0	1	0	1	0	0	0	0
0.204081633	0.285714286	0.077843478	0	0	1	0	0	1	0	0
0.836734694	0.761904762	0.092703976	1	0	0	1	0	0	0	1
0.142857143	0.523809524	0.003722821	0	0	1	0	0	1	0	0
0.959183673	0.952380952	0.07374167	0	0	1	1	0	0	0	1
0.530612245	0.142857143	0.04125446	0	1	0	0	1	0	0	0
0.87755102	0.428571429	0.004661445	0	0	1	1	0	0	0	0
0.346938776	0.285714286	0.0485643	0	1	0	0	0	1	0	0
0.163265306	0.904761905	0.216899628	0	1	0	0	0	0	1	0
0.571428571	0.666666667	0.009677529	1	0	0	0	0	0	1	1
0.591836735	0.380952381	0.06812939	0	1	0	1	0	0	0	1
0.06122449	0.047619048	0.008345339	1	0	0	0	1	0	0	1
0.897959184	0.142857143	0.018260799	0	0	1	0	0	0	1	1
0.102040816	0.142857143	0.006599601	1	0	0	0	0	1	0	1
0.918367347	0.619047619	0.003854849	0	0	1	0	0	1	0	1
0.244897959	0.047619048	0.781204622	0	1	0	1	0	0	0	0
0.06122449	0.952380952	0.236327065	0	1	0	0	0	1	0	1
0	0.047619048	0.063163852	0	1	0	0	0	1	0	1
0.224489796	0.619047619	0.24224847	1	0	0	0	0	0	1	0
0.591836735	0.047619048	0.130122311	0	1	0	0	0	0	1	0
0.510204082	0.666666667	0.00405178	1	0	0	1	0	0	0	1
0.857142857	0.714285714	0.001418704	1	0	0	0	1	0	0	1
0.897959184	0.238095238	0.001618151	1	0	0	0	0	0	1	1
0.87755102	1	0.25802132	0	1	0	0	0	1	0	0
0.571428571	0	0.258039896	0	1	0	0	0	0	1	0
0.510204082	0.19047619	0.022978859	1	0	0	0	0	0	1	1
0.551020408	0.80952381	0.07074759	0	1	0	1	0	0	0	0
0.163265306	0.523809524	0.001329896	1	0	0	0	1	0	0	0
0.163265306	0.285714286	0.005131016	1	0	0	0	1	0	0	1
0.653061224	0	0.222897556	0	1	0	0	0	0	1	1
0.346938776	0.761904762	0.491357562	0	0	1	0	0	0	1	1
0.653061224	0.142857143	0.267117233	0	1	0	0	0	0	1	0
0.673469388	0	0.135424948	0	1	0	0	0	1	0	0
0.020408163	1	0.323345495	0	1	0	0	1	0	0	1
0.693877551	0.476190476	0.007419074	1	0	0	1	0	0	0	1
0.408163265	0.380952381	0.143546344	0	1	0	0	1	0	0	1
0.714285714	0.333333333	0.146030001	0	1	0	0	0	1	0	1
0.755102041	0.523809524	0.140393076	0	1	0	0	1	0	0	0
0.326530612	0.523809524	0.705962545	0	0	1	0	0	1	0	1
0.87755102	0.285714286	0.199984858	0	1	0	0	0	0	1	0
0.102040816	0.714285714	0.002639071	1	0	0	0	0	1	0	0
0.142857143	0.285714286	0.005878334	1	0	0	0	0	1	0	1
0.673469388	0.761904762	0.080608878	1	0	0	0	0	1	0	1
0.795918367	0.19047619	0.000955571	0	0	1	1	0	0	0	1
0.204081633	0.095238095	0.609017555	1	0	0	1	0	0	0	1
0.12244898	0.714285714	0.138397788	0	1	0	0	0	0	1	0
0.040816327	0.619047619	0.003886894	0	0	1	1	0	0	0	1
1	0.380952381	0.025674989	1	0	0	0	0	0	1	1
0.367346939	0.095238095	0.317805445	0	1	0	0	0	1	0	0
0.346938776	0.285714286	0.468389064	1	0	0	0	0	0	1	0
0.816326531	0.095238095	0.152289394	0	1	0	0	0	0	1	1
0.734693878	0.523809524	0.247709037	0	1	0	0	0	0	1	0
0.714285714	0.095238095	0.003651775	1	0	0	0	0	0	1	0
0.571428571	0.857142857	0.034537189	1	0	0	0	0	1	0	0
0.142857143	0.285714286	0.141969932	0	1	0	0	0	1	0	1
0.408163265	0.19047619	0.133308586	0	1	0	1	0	0	0	0
0	0.714285714	0.277514549	0	1	0	0	0	1	0	0
0.428571429	0.523809524	0.006231862	0	0	1	0	0	0	1	1
0.959183673	0.476190476	0.002285838	0	0	1	0	1	0	0	0
0.755102041	0	0.131128577	0	1	0	0	0	1	0	0
0.428571429	0	0.004297925	0	0	1	1	0	0	0	1